
Enero 2023
Do Lu Ma Mi Ju Vi Sa
 1  2  3  4  5  6  7
 8  9 10 11 12 13 14
15 16 17 18 19 20 21
22 23 24 25 26 27 28
29 30 31  0  0  0  0
 0  0  0  0  0  0  0
Febrero 2023
Do Lu Ma Mi Ju Vi Sa
 0  0  0  1  2  3  4
 5  6  7  8  9 10 11
12 13 14 15 16 17 18
19 20 21 22 23 24 25
26 27 28  0  0  0  0
 0  0  0  0  0  0  0
Marzo 2023
Do Lu Ma Mi Ju Vi Sa
 0  0  0  1  2  3  4
 5  6  7  8  9 10 11
12 13 14 15 16 17 18
19 20 21 22 23 24 25
26 27 28 29 30 31  0
 0  0  0  0  0  0  0
Abril 2023
Do Lu Ma Mi Ju Vi Sa
 0  0  0  0  0  0  1
 2  3  4  5  6  7  8
 9 10 11 12 13 14 15
16 17 18 19 20 21 22
23 24 25 26 27 28 29
30  0  0  0  0  0  0
Mayo 2023
Do Lu Ma Mi Ju Vi Sa
 0  1  2  3  4  5  6
 7  8  9 10 11 12 13
14 15 16 17 18 19 20
21 22 23 24 25 26 27
28 29 30 31  0  0  0
 0  0  0  0  0  0  0
Junio 2023      
Do Lu Ma Mi Ju Vi Sa
 0  0  0  0  1  2  3
 4  5  6  7  8  9 10
11 12 13 14 15 16 17
18 19 20 21 22 23 24
25 26 27 28 29 30  0
 0  0  0  0  0  0  0
Julio 2023
Do Lu Ma Mi Ju Vi Sa
 0  0  0  0  0  0  1
 2  3  4  5  6  7  8
 9 10 11 12 13 14 15
16 17 18 19 20 21 22
23 24 25 26 27 28 29
30 31  0  0  0  0  0
Agosto 2023
Do Lu Ma Mi Ju Vi Sa
 0  0  1  2  3  4  5
 6  7  8  9 10 11 12
13 14 15 16 17 18 19
20 21 22 23 24 25 26
27 28 29 30 31  0  0
 0  0  0  0  0  0  0
Septiembre 2023
Do Lu Ma Mi Ju Vi Sa
 0  0  0  0  0  1  2
 3  4  5  6  7  8  9
10 11 12 13 14 15 16
17 18 19 20 21 22 23
24 25 26 27 28 29 30
 0  0  0  0  0  0  0
Octubre 2023
Do Lu Ma Mi Ju Vi Sa
 1  2  3  4  5  6  7
 8  9 10 11 12 13 14
15 16 17 18 19 20 21
22 23 24 25 26 27 28
29 30 31  0  0  0  0
 0  0  0  0  0  0  0
Noviembre 2023
Do Lu Ma Mi Ju Vi Sa
 0  0  0  1  2  3  4
 5  6  7  8  9 10 11
12 13 14 15 16 17 18
19 20 21 22 23 24 25
26 27 28 29 30  0  0
 0  0  0  0  0  0  0
Diciembre 2023
Do Lu Ma Mi Ju Vi Sa
 0  0  0  0  0  1  2
 3  4  5  6  7  8  9
10 11 12 13 14 15 16
17 18 19 20 21 22 23
24 25 26 27 28 29 30
31  0  0  0  0  0  0